%actionAddMail all
 dad1 Now%%
%actionAddMail all
 HasTownKey 
Received%%
%AddBuff 22 -2%%
%actionAddMail all
 doorUnlockSebas${
¦}$tian Received%%
%action
AddFriendshipPoi${
¦}$nts Sebastian 2${
¦}$249%%%action
IncrementStat Bo${
¦}$ok_Speed%%
%action
IncrementStat Bo${
¦}$ok_Speed2%%
%action
AddBuff statue_of${
¦}$_blessings_0 -2
%%%action
AddMoney 4000%%
%action
AddItem (T)Retur${
¦}$nScepter%%
%action
AddItem 458%%
[StardropTea]
[TentKit][TentKit]
[TentKit][460]
[GoldCoin]
[GoldCoin]
[GoldCoin]
[GoldCoin]
[GoldCoin]
[GoldCoin]
[GoldCoin]
[GoldCoin]
[GoldCoin]
[GoldCoin]
[GoldCoin]
[GoldCoin]
[GoldCoin]
[GoldCoin]
[GoldCoin]
[GoldCoin]
[GoldCoin]
[GoldCoin]
[GoldCoin]
[GoldCoin]
[388][388][388][388]
[388][388][388][388]
[388][388][388][388]
[388][388][388][388]
[388][388][388][388]
[388][388][388][388]
[388][388][388][388]
[388][388][388][388]
[388][388][388][388]
[388][388][388][388]
[388][388][388][388]
[388][388][388][388]
[388][388][388][388]
[388][388][388][388]
[388][388][388][388]
[388][388][388][388]
[388][388][388][388]
[388][388][388][388]
[388][388][388][388]
[388][388][388][388]
[388][388][388][388]
[388][388][388][388]
[388][388][388][388]
[388][388][388][388]
[388][388][388][388]
[388][388][388][388]
[388][388][388][388]
[388][388][388][388]
[388][388][388][388]
[388][388][388][388]
[388][388][388][388]
[388][388][388][388]
[388][388][388][388]
[388][388][388][388]
[388][388][388][388]
[388][388][388][388]
[388][388][388][388]
[388][388][388][388]
[388][388][388][388]
[388][388][388][388]
[388][388][388][388]
[388][388][388][388]
[388][388][388][388]
[388][388][388][388]
[388][388][388][388]
[388][388][388][388]
[388][388][388][388]
[388][388][388][388]
[388][388][388][388]
[388][388][388][388]
[388][388][388][388]
[388][388][388][388]
[388][388][388][388]
[388][388][388][388]
[388][388][388][388]
[388][388][388][388]
[388][388][388][388]
[388][388][388][388]
[388][388][388][388]
[388][388][388][388]
[388][388][388][388]
[388][388][388][388]
[388][388][388][388]
[388][388][388][388]
[388][388][388][388]
[388][388][388][388]
[388][388][388][388]
[388][388][388][388]
[388][388][388][388]
[388][388][388][388]
[388][388][388][388]
[388][388][388][388]
[388][388][388][388]
[388][388][388][388]
[388][388][388][388]
[388][388][388][388]
[388][388][388][388]
[388][388][388][388]
[388][388][388][388]
[388][388][388][388]
[388][388][388][388]
[388][388][388][388]
[388][388][388][388]
[388][388][388][388]
[388][388][388][388]
[388][388][388][388]
[388][388][388][388]
[388][388][388][388]
[388][388][388][388]
[388][388][388][388]
[388][388][388][388]
[388][388][388][388]
[388][388][388][388]
[388][388][388][388]
[388][388][388][388]
[388][388][388][388]
[388][388][388][388]
[388][388][388][388]
[388][388][388][388]
[388][388][388][388]
[388][388][388][388]
[388][388][388][388]
[388][388][388][388]
[388][388][388][388]
[388][388][388][388]
[388][388][388][388]
[388][388][388][388]
[388][388][388][388]
[388][388][388][388]
[388][388][388][388]
[388][388][388][388]
[388][388][388][388]
[388][388]